5077519 *
4133309 3R
3562016 2R
3186807 3L
3071588 X
2965008 2L
210387 4
38322 dmel_mitochondrion_genome
15948 rDNA
12826 Y
2017 211000022278879
1202 211000022279100
1074 211000022279109
1057 211000022279676
 952 211000022278446
 943 211000022278878
 880 211000022278282
 873 211000022280043
 822 211000022278339
 817 211000022278880
 584 211000022279222
 567 211000022278750
 547 211000022278554
 507 211000022279540
 499 211000022279446
 499 211000022279343
 477 211000022279132
 450 211000022280645
 437 Unmapped_Scaffold_58
 407 211000022278876
 397 211000022279055
 393 211000022279189
 390 211000022278704
 383 211000022279147
 379 211000022279708
 373 211000022279531
 365 211000022278498
 355 211000022278202
 325 211000022280508
 320 211000022278882
 229 211000022280304
 219 211000022279467
 198 211000022280595
 166 211000022279529
 140 X3X4_mapped_Scaffold_14
 140 211000022278158
 116 211000022278903
 110 211000022279108
 108 211000022278881
 104 Y_mapped_Scaffold_18
  90 211000022279010
  90 211000022279009
  82 211000022280218
  82 211000022280138
  78 211000022278724
  76 Unmapped_Scaffold_29
  76 211000022278877
  60 211000022278426
  54 Unmapped_Scaffold_4
  50 211000022279810
  49 211000022279608
  47 211000022279722
  44 211000022278849
  43 211000022278788
  40 211000022279555
  38 211000022280020
  34 211000022279134
  33 Y_mapped_Scaffold_21
  31 3Cen_mapped_Scaffold_1
  31 211000022279867
  31 211000022278547
  30 Y_mapped_Scaffold_20
  30 Unmapped_Scaffold_28
  30 211000022279712
  29 3Cen_mapped_Scaffold_31
  27 211000022278895
  24 211000022280476
  24 211000022279954
  24 211000022278392
  23 211000022280517
  21 211000022278710
  21 211000022278604
  20 Y_mapped_Scaffold_5
  19 211000022280160
  19 211000022279106
  18 Y_mapped_Scaffold_9
  18 Unmapped_Scaffold_8
  18 211000022278680
  18 211000022278271
  17 211000022278312
  16 211000022280130
  16 211000022279285
  16 211000022279141
  15 211000022279856
  15 211000022279477
  15 211000022279056
  15 211000022278114
  14 Unmapped_Scaffold_37
  14 211000022280686
  13 211000022280750
  12 Unmapped_Scaffold_22
  12 211000022279855
  12 211000022279556
  12 211000022278134
  11 Unmapped_Scaffold_45
  11 2R2_mapped_Scaffold_56
  11 211000022278928
  11 211000022278565
  10 Unmapped_Scaffold_51
  10 211000022279887
  10 211000022279528
  10 211000022278684
  10 211000022278415
   9 211000022279058
   9 211000022278968
   8 Y_mapped_Scaffold_30
   8 Unmapped_Scaffold_35
   8 211000022279569
   8 211000022279511
   8 211000022279224
   8 211000022279098
   8 211000022278790
   8 211000022278298
   7 Y_mapped_Scaffold_53
   7 211000022280742
   7 211000022280091
   7 211000022279980
   7 211000022279284
   7 211000022279215
   7 211000022279168
   7 211000022278520
   6 Y_mapped_Scaffold_23
   6 Y_mapped_Scaffold_12
   6 Unmapped_Scaffold_48
   6 211000022280283
   6 211000022279973
   6 211000022279087
   6 211000022279061
   6 211000022278808
   6 211000022278390
   6 211000022278362
   6 211000022278032
   5 Unmapped_Scaffold_52
   5 211000022280623
   5 211000022280535
   5 211000022280168
   5 211000022280000
   5 211000022279994
   5 211000022279948
   5 211000022279884
   5 211000022279762
   5 211000022279356
   5 211000022279344
   5 211000022279335
   5 211000022279329
   5 211000022279179
   5 211000022279144
   5 211000022279018
   5 211000022278960
   5 211000022278772
   5 211000022278441
   4 Y_mapped_Scaffold_26
   4 XY_mapped_Scaffold_7
   4 Unmapped_Scaffold_17
   4 211000022280519
   4 211000022280054
   4 211000022280009
   4 211000022279945
   4 211000022279649
   4 211000022279539
   4 211000022279197
   4 211000022278974
   4 211000022278668
   4 211000022278456
   4 211000022278440
   4 211000022278354
   4 211000022278218
   4 211000022278089
   3 3Cen_mapped_Scaffold_41
   3 211000022280687
   3 211000022280671
   3 211000022280640
   3 211000022280637
   3 211000022280628
   3 211000022280557
   3 211000022280461
   3 211000022280270
   3 211000022280236
   3 211000022280194
   3 211000022280156
   3 211000022280141
   3 211000022280135
   3 211000022280087
   3 211000022280053
   3 211000022279982
   3 211000022279975
   3 211000022279932
   3 211000022279892
   3 211000022279842
   3 211000022279829
   3 211000022279804
   3 211000022279641
   3 211000022279490
   3 211000022279448
   3 211000022279412
   3 211000022279191
   3 211000022279137
   3 211000022279023
   3 211000022278942
   3 211000022278866
   3 211000022278717
   3 211000022278663
   3 211000022278569
   3 211000022278537
   3 211000022278515
   3 211000022278407
   3 211000022278311
   3 211000022278278
   2 Y_mapped_Scaffold_34
   2 XY_mapped_Scaffold_42
   2 Unmapped_Scaffold_60
   2 Unmapped_Scaffold_46
   2 211000022280610
   2 211000022280606
   2 211000022280593
   2 211000022280561
   2 211000022280537
   2 211000022280481
   2 211000022280473
   2 211000022280467
   2 211000022280459
   2 211000022280437
   2 211000022280260
   2 211000022280241
   2 211000022280233
   2 211000022280228
   2 211000022280205
   2 211000022280180
   2 211000022280106
   2 211000022280015
   2 211000022279988
   2 211000022279963
   2 211000022279931
   2 211000022279928
   2 211000022279813
   2 211000022279754
   2 211000022279735
   2 211000022279724
   2 211000022279664
   2 211000022279634
   2 211000022279613
   2 211000022279605
   2 211000022279604
   2 211000022279496
   2 211000022279474
   2 211000022279458
   2 211000022279453
   2 211000022279441
   2 211000022279431
   2 211000022279423
   2 211000022279420
   2 211000022279404
   2 211000022279399
   2 211000022279394
   2 211000022279362
   2 211000022279353
   2 211000022279264
   2 211000022279229
   2 211000022279188
   2 211000022279178
   2 211000022279177
   2 211000022279042
   2 211000022278992
   2 211000022278804
   2 211000022278740
   2 211000022278716
   2 211000022278678
   2 211000022278676
   2 211000022278450
   2 211000022278413
   2 211000022278406
   2 211000022278305
   2 211000022278273
   2 211000022278217
   2 211000022278161
   2 211000022278047
   1 Y_mapped_Scaffold_15
   1 Unmapped_Scaffold_38
   1 Unmapped_Scaffold_32
   1 Unmapped_Scaffold_13
   1 2Cen_mapped_Scaffold_43
   1 211000022280747
   1 211000022280655
   1 211000022280617
   1 211000022280605
   1 211000022280578
   1 211000022280542
   1 211000022280526
   1 211000022280522
   1 211000022280463
   1 211000022280455
   1 211000022280328
   1 211000022280325
   1 211000022280289
   1 211000022280251
   1 211000022280171
   1 211000022280165
   1 211000022280097
   1 211000022280072
   1 211000022280068
   1 211000022280064
   1 211000022280051
   1 211000022279991
   1 211000022279984
   1 211000022279961
   1 211000022279934
   1 211000022279926
   1 211000022279879
   1 211000022279875
   1 211000022279874
   1 211000022279853
   1 211000022279812
   1 211000022279805
   1 211000022279788
   1 211000022279784
   1 211000022279782
   1 211000022279761
   1 211000022279755
   1 211000022279723
   1 211000022279719
   1 211000022279670
   1 211000022279633
   1 211000022279619
   1 211000022279602
   1 211000022279601
   1 211000022279599
   1 211000022279594
   1 211000022279583
   1 211000022279582
   1 211000022279574
   1 211000022279533
   1 211000022279510
   1 211000022279506
   1 211000022279499
   1 211000022279493
   1 211000022279469
   1 211000022279468
   1 211000022279456
   1 211000022279450
   1 211000022279424
   1 211000022279409
   1 211000022279389
   1 211000022279384
   1 211000022279355
   1 211000022279342
   1 211000022279311
   1 211000022279257
   1 211000022279239
   1 211000022279236
   1 211000022279228
   1 211000022279172
   1 211000022279154
   1 211000022279128
   1 211000022279122
   1 211000022279121
   1 211000022279070
   1 211000022279057
   1 211000022279040
   1 211000022279030
   1 211000022279022
   1 211000022279003
   1 211000022278978
   1 211000022278973
   1 211000022278971
   1 211000022278947
   1 211000022278941
   1 211000022278935
   1 211000022278932
   1 211000022278926
   1 211000022278922
   1 211000022278886
   1 211000022278848
   1 211000022278807
   1 211000022278794
   1 211000022278787
   1 211000022278744
   1 211000022278727
   1 211000022278688
   1 211000022278683
   1 211000022278628
   1 211000022278597
   1 211000022278593
   1 211000022278573
   1 211000022278568
   1 211000022278549
   1 211000022278546
   1 211000022278536
   1 211000022278502
   1 211000022278423
   1 211000022278420
   1 211000022278408
   1 211000022278384
   1 211000022278356
   1 211000022278313
   1 211000022278258
   1 211000022278206
   1 211000022278201
   1 211000022278167
   1 211000022278142
   1 211000022278100
   1 211000022278049
